1000
2000
2000
2200
2400
3000
3100
3805
3805
3805
3805
3805
3900
5200
5400
5800
7100
7700
7801
8000
8100
8100
8200
9302
9400
9601
9603
10100
10400
10601
10602
10602
10800
10800
10901
11208
11400
11501
11501
11601
11601
11603
11603
11705
11705
11705
11706
12301
12301
12401
12700
12800
13101
13104
13104
13104
13204
13204
13204
13206
13506
13507
13507
13601
13702
14001
14004
14102
14103
14104
14203
14301
14302
14400
14400
14504
14504
14505
14505
14505
14602
14602
14700
14901
14906
15303
15303
15303
15304
15400
